1	2	93579.93	29769.76	53678.4	29769.76
1	3	93579.93	28478.21	53678.4	28478.45
1	4	95733.87	25868.73	53678.4	33056.52
1	5	96648.67	25515.33	53678.4	42442.34
2	2	89543.88	25442.37	47897.62	25442.37
2	3	89543.88	23352.58	47897.62	23352.38
2	4	92531.56	21196.1	47897.62	26915.82
2	5	93950.51	20859.23	47897.62	33959.44
3	2	95977.03	34723.51	60472.3	34723.51
3	3	95977.03	32896.37	60472.3	32896.38
3	4	97169.06	31444.74	60472.3	38540.23
3	5	97582.62	30501.26	60472.3	55693.33
30	2	98318.83	44164.6	62381.85	44164.6
30	3	98318.83	41420.84	62381.85	41417.88
30	4	99052.47	39391.04	62381.85	47352.2
30	5	99262.75	37746.12	62381.85	60588.38
31	2	98993.52	52519.88	64518.51	52519.88
31	3	98993.52	51005.24	64518.51	51002.42
31	4	99590.2	49033.31	64518.51	53889.59
31	5	99748.78	46485.97	64518.51	64544.75
32	2	94946.72	40434.83	57385.46	40434.83
32	3	94946.72	38889.29	57385.46	38889.62
32	4	96197.25	36340.34	57385.46	42527.64
32	5	96632.67	34585.34	57385.46	49782.77
33	2	102597.14	53487.73	70721.66	53487.73
33	3	102597.14	53012.27	70721.66	53012.21
33	4	102845.77	51237.91	70721.66	57204.09
33	5	92609.07	48718.41	70721.66	63233.41
34	2	99059.93	51591.05	64606.99	51591.05
34	3	99059.93	50190.8	64606.99	50188.26
34	4	99632.17	47719.8	64606.99	54954.06
34	5	99782.81	46073.99	64606.99	64516.92
36	2	96578.8	47338.04	59414.12	47338.04
36	3	96578.8	47037.85	59414.12	47039.62
36	4	97604.7	45502.09	59414.12	50410.18
36	5	97937.54	43356.24	59414.12	56342.23
4	2	90821.93	28919.79	52972.54	28919.79
4	3	90821.93	26901.64	52972.54	26892.01
4	4	93123.86	24884.96	52972.54	30922.01
4	5	94125.23	23434.71	52972.54	41729.47
5	2	94187.11	33366.54	57695.1	33366.54
5	3	94187.11	30874.96	57695.1	30875.54
5	4	95743.75	28604.4	57695.1	35538.83
5	5	96329.91	27126.09	57695.1	45291.3
6	2	104614.07	45461.04	69501.31	45461.04
6	3	104614.07	43706.56	69501.31	43706.45
6	4	105100.2	42306.47	69501.31	53989.06
6	5	105227.68	41170.74	69501.31	75626.53
60	2	75688.89	16490.92	42795.24	16490.92
60	3	75688.89	14342.43	42795.24	14342.69
60	4	79334	13913.1	42795.24	17697.06
60	5	81285.35	12956.84	42795.24	24669.82
62	2	68931.24	19317.41	42296.67	19317.41
62	3	68931.24	16842.92	42296.67	16842.97
62	4	68931.24	16842.92	42296.67	16842.97
62	5	68931.24	16842.92	42296.67	16842.97
64	2	68931.24	31830.25	64186.55	16842.97
64	3	93192.83	29503.24	64186.55	29503.59
64	4	94045.34	27713.33	64186.55	34071.98
64	5	94308.56	25913.62	64186.55	42162.44
67	2	67877.11	16182.56	42849.08	16182.56
67	3	67877.11	14755.3	42849.08	14755.19
67	4	68002.12	13528.66	42849.08	17232.55
67	5	68025.79	12347.52	42849.08	23391.31
68	2	80580.77	20840.75	52846.58	20840.75
68	3	80580.77	18735.82	52846.58	18735.92
68	4	80725.58	17480.24	52846.58	21425.24
68	5	80751.2	16218.88	52846.58	26815.75

